         GMYXP8
         1106
       1108.8
         1115
       1124.6
       1129.8
       1133.7
       1135.3
       1122.8
       1120.9
       1119.3
       1137.7
       1148.5
         1154
       1150.5
       1153.4
       1153.8
       1161.6
       1161.6
       1159.6
       1155.8
       1153.2
       1157.4
       1150.9
       1145.6
       1155.3
       1156.5
       1157.8
       1165.3
       1171.9
       1179.2
       1180.2
         1182
       1186.2
       1197.9
       1206.6
       1213.4
       1208.6
       1218.5
       1225.2
       1230.8
       1233.4
       1237.6
       1242.3
         1245
       1241.3
       1245.3
       1249.9
       1256.3
         1252
         1257
       1261.7
         1263
       1269.7
       1272.2
       1274.8
       1280.9
       1288.4
       1293.6
       1293.9
       1306.1
       1304.9
       1318.1
         1325
       1334.8
       1340.1
         1344
       1351.4
       1362.6
       1365.8
       1371.4
       1378.1
       1389.8
       1390.4
       1394.1
       1397.7
       1407.3
       1417.7
       1429.2
       1436.5
       1439.2
       1446.9
       1463.1
       1471.3
       1479.7
       1480.1
       1482.1
       1488.2
       1495.3
       1502.2
       1511.7
       1516.9
       1518.7
       1517.8
       1526.4
       1530.1
       1531.7
       1541.6
         1546
       1549.3
       1549.7
       1556.1
       1564.5
         1571
       1573.3
       1574.9
       1572.9
       1582.7
       1595.8
       1592.5
       1607.3
       1612.4
       1619.3
       1627.6
       1636.7
       1642.1
       1649.9
       1658.6
       1660.8
       1664.5
       1674.5
       1670.1
       1676.2
       1688.6
       1689.7
       1700.7
       1707.1
       1718.2
       1724.5
       1730.7
       1736.1
       1736.2
       1737.7
         1735
       1729.8
       1738.8
       1743.5
       1741.2
       1738.1
       1745.9
       1745.9
       1749.8
       1732.9
         1733
       1736.1
       1747.7
       1745.2
       1753.3
       1756.9
       1762.4
       1761.2
       1763.8
       1766.2
       1769.8
       1769.2
       1778.9
         1793
       1804.6
       1816.3
       1824.2
       1836.7
       1840.9
       1824.2
       1853.7
       1869.9
       1879.4
       1900.8
       1920.9
       1939.7
       1931.8
       1937.8
       1938.1
       1935.9
         1952
       1958.3
         1963
         1969
       1975.3
       1986.8
         2000
       1991.7
       1969.3
       1949.2
       1928.1
       1920.5
       1925.1
       1931.2
         1937
       1930.1
       1926.2
       1936.1
       1911.5
       1902.6
       1883.8
       1873.1
       1873.7
       1877.4
       1880.1
       1881.7
       1883.2
       1902.3
       1911.3
       1921.2
       1921.5
       1923.1
       1940.9
       1953.6
       1957.8
       1968.9
       1975.8
         1979
       1984.8
       1987.9
         1993
         1995
       2015.3
       2025.5
       2027.6
       2029.2
       2038.2
       2042.3
       2053.4
       2060.4
       2074.3
       2082.6
       2098.8
       2108.1
       2107.2
       2117.1
       2119.4
       2131.5
       2154.5
       2176.1
       2183.5
       2192.7
       2197.1
       2202.8
       2217.2
       2232.5
       2237.2
       2250.9
       2246.1
       2257.5
       2263.7
       2249.1
       2248.6
         2251
         2254
       2251.8
       2247.4
       2253.2
       2257.3
       2255.3
       2258.9
       2253.1
       2245.3
       2223.3
       2208.4
       2210.6
       2204.6
       2212.7
         2213
       2239.4
       2254.1
       2269.8
       2266.5
       2262.3
       2264.7
       2266.9
       2261.8
       2272.1
       2283.4
       2296.3
       2295.9
       2285.2
       2276.8
       2268.3
       2258.9
       2265.9
       2271.4
       2278.5
       2281.2
         2266
       2255.5
       2250.7
       2244.9
       2246.9
       2251.5
       2259.2
       2257.9
       2254.9
       2262.7
       2272.8
       2284.9
         2295
       2300.6
       2289.8
       2308.5
       2344.3
       2360.2
       2383.3
       2400.1
         2425
       2436.5
       2431.4
       2429.2
         2445
       2460.4
       2462.5
       2480.6
       2475.3
       2487.7
       2517.2
       2511.6
       2528.5
       2532.1
       2546.4
       2528.8
       2536.1
       2529.6
       2533.8
       2537.4
       2553.9
       2554.2
       2588.3
       2575.6
       2604.1
       2626.5
       2654.6
       2638.3
       2632.5
         2629
         2636
       2634.2
       2643.2
       2649.2
       2666.8
       2655.8
       2682.5
       2685.4
       2687.1
       2678.7
       2678.7
       2698.7
       2707.8
       2705.4
       2754.2
       2736.8
       2778.2
       2745.6
         2764
       2776.3
         2770
       2773.7
       2784.6
       2795.1
       2799.8
       2802.1
       2835.1
         2823
         2845
       2873.2
