          IP
          46
        46.9
        47.6
        48.6
        49.3
        49.4
        48.2
        46.6
        46.5
        46.2
        46.5
        49.3
        50.6
        50.2
        49.7
        49.3
        49.3
        48.7
        48.5
        48.4
        47.9
        47.9
        47.2
        46.3
        46.4
        46.3
        46.6
        47.5
        48.3
        48.9
        49.5
          50
        49.9
        50.9
        51.7
        52.1
        51.7
        52.5
        52.8
        52.9
        52.8
        52.7
        53.2
        53.3
        53.6
        53.7
        53.9
        53.9
        54.3
        54.9
        55.3
        55.8
        56.4
        56.6
        56.4
        56.5
        57.1
        57.5
        57.7
        57.6
        58.1
        58.5
        58.5
        59.5
        59.8
          60
        60.4
        60.8
          61
        60.2
          62
        62.7
        63.4
        63.8
        64.7
        64.9
        65.5
          66
        66.6
        66.9
          67
        67.7
          68
        68.8
        69.5
          70
        70.9
          71
        71.7
          72
        72.4
        72.5
        73.2
        73.7
        73.2
        73.3
        73.7
        72.8
        72.4
        73.1
        72.5
        72.5
        72.3
        73.7
        73.6
        74.2
        75.2
          76
          76
        76.2
        76.5
        76.6
        77.4
        77.7
        77.6
        77.8
        78.1
        78.3
        79.3
        79.5
          80
        80.5
        81.2
        80.9
        80.6
        81.3
        81.8
          82
        81.9
          82
        81.2
          81
        79.5
        79.4
        79.3
        79.1
          79
        78.8
          79
        78.8
        78.3
        76.7
        76.2
          78
        78.6
        78.4
        78.4
        78.8
        79.2
        79.5
        79.3
        78.8
        80.1
        80.7
        81.1
          82
        83.8
        84.4
        85.1
        86.5
        86.3
        86.5
        86.4
        87.6
        88.5
        89.8
        90.9
        91.8
        91.8
        93.1
        93.1
        93.4
        93.8
        94.5
        95.1
        95.1
        95.8
        96.1
        96.2
        94.7
        93.3
          93
        93.4
        93.2
        94.3
        94.6
        94.2
        93.9
        94.2
        93.6
        90.9
        87.1
        84.8
        83.5
          82
        82.7
        82.5
        83.6
        84.1
        85.6
        86.4
        86.9
        87.7
        88.4
        89.3
        90.9
        90.7
        91.1
        92.1
        92.2
        92.7
        93.2
        93.5
        93.9
        95.4
        96.2
        96.5
        97.2
          98
          99
        99.6
       100.4
       100.7
         101
       101.4
       101.8
       102.1
       102.1
       101.6
       101.6
         103
       105.5
       105.8
       106.9
       107.5
       107.7
       108.3
       109.2
       109.9
       110.8
       110.3
       110.9
       111.2
       109.9
       110.9
       110.9
       110.5
       110.2
       110.4
         111
         111
         111
       111.3
       111.4
       111.4
       109.1
       106.2
         105
       104.8
       106.3
       107.7
       108.5
       110.7
         111
         111
       111.2
       111.6
       110.6
       111.2
         112
       113.4
       112.8
       111.5
       110.4
         109
       107.4
       105.4
         107
       105.8
       104.5
       103.6
         103
       102.5
         102
       101.3
       100.5
       100.6
       100.5
       102.5
       103.3
       104.2
       105.6
       106.9
       107.8
       109.8
       111.6
       113.7
       114.4
       114.8
       115.5
       118.5
       119.3
       119.9
       120.5
         121
       121.9
       122.8
         123
       122.4
       122.1
       122.7
       122.7
       122.4
       122.9
       123.3
       123.1
       123.7
       123.5
       123.4
       124.1
       124.4
       123.7
       124.8
       125.4
       126.4
       125.5
       123.9
       124.7
       124.3
       124.1
       124.8
       124.9
       124.5
       125.3
       125.7
       126.8
       126.2
       127.1
       127.4
       127.4
       128.2
       129.1
       130.6
       131.2
         131
       132.5
       133.2
       133.9
       134.4
       134.4
       134.7
       135.4
       136.1
       136.5
         138
       138.5
       138.6
       139.4
       139.9
       140.6
       141.1

