      LPMHU
      106.43
      106.64
      107.65
      108.57
      108.94
      109.42
      109.08
      108.18
      107.84
      107.71
       108.2
      109.95
         110
      110.14
      109.78
      110.32
      110.03
      109.89
      109.89
      109.81
      109.24
      108.99
      109.52
      106.79
      107.72
      107.81
      107.82
      107.65
      108.27
      108.91
      109.29
       109.7
      109.24
      110.06
      110.87
      110.68
      109.91
      111.36
      112.02
      112.58
       112.8
       112.9
      112.94
      113.22
      113.57
      113.09
      113.38
      113.21
      113.23
       113.4
       113.5
      114.34
      114.66
      114.91
      115.11
      115.18
      115.56
      115.93
      115.87
      115.84
       114.8
      116.59
      116.75
      117.43
      117.47
      117.72
      118.06
      118.31
      118.31
      118.72
      119.67
       120.6
      120.96
      121.64
      122.06
      122.11
      122.87
      122.76
      123.13
      123.62
      123.88
       124.6
      125.36
      126.16
       126.6
      127.74
      128.42
      128.38
      128.58
      129.53
      129.49
      129.86
       129.8
      130.44
      130.76
      130.98
      131.41
       130.7
      130.61
      130.55
      130.92
      131.23
      131.43
      131.77
      132.34
      132.07
      133.02
      133.11
      132.44
      133.68
      133.61
      133.76
      134.48
      134.97
      135.52
      135.86
      136.14
      136.46
      136.42
       136.9
      137.62
      137.82
      138.52
      138.72
      139.38
      139.58
      139.83
      140.33
      140.46
      140.56
       140.2
      140.73
      139.91
      139.97
      140.26
      139.83
      139.07
      138.75
      139.04
      138.54
     137.925
      137.31
      136.78
      137.77
      137.97
      137.34
      137.84
      137.95
      138.33
      138.56
      138.09
      138.63
      138.41
      138.02
       139.8
      140.26
      141.16
      141.86
      142.06
      142.87
      142.93
      143.53
      143.25
      143.92
      144.89
      144.96
         146
       146.1
      146.64
      147.91
      148.61
      148.82
      149.19
      149.52
      149.87
      150.01
      150.29
      149.81
      151.57
      151.44
      151.12
      151.55
      151.22
     151.475
      151.73
      151.58
      151.43
      151.33
      151.47
      151.91
      149.78
      148.06
      147.82
      146.29
      145.31
      145.37
      145.76
      145.31
      145.59
      147.13
      147.54
       147.8
      148.37
      149.22
      151.12
      150.76
      150.56
       149.7
      151.37
      151.16
      151.69
      151.62
       152.1
      152.12
      152.66
      153.22
      152.23
      154.82
      154.79
      155.49
      156.56
      157.17
      157.75
      158.07
       158.8
      159.42
       159.7
       159.6
      159.18
      160.72
      162.33
      164.12
      164.32
      165.35
      165.78
         166
      166.23
      166.57
      168.08
      168.12
      168.24
      168.58
      169.93
     169.715
       169.5
      170.51
      170.68
      170.66
      170.61
      170.56
      170.67
      171.26
      171.78
      171.71
      171.02
      170.07
      168.98
      168.43
       167.5
      168.37
      168.72
      169.48
      169.56
       170.8
      171.26
      170.27
      171.11
      169.94
      170.64
      170.86
      171.26
      171.46
      170.79
      170.12
      169.75
      169.27
      169.01
      168.75
      168.15
      167.22
      167.36
      166.56
       166.1
      165.69
      165.09
      164.56
      163.93
      164.84
      165.53
      164.11
       165.1
      166.14
      166.93
       167.7
      168.87
      168.69
      170.73
      171.58
      171.33
      173.09
      173.86
      175.36
      174.97
      176.62
      176.46
      177.49
      177.78
      178.18
      178.96
      178.86
      179.74
         180
      180.12
      179.92
      181.32
      181.01
      181.68
      181.97
      181.82
      182.41
      182.86
      184.16
       183.9
       184.2
      184.62
      184.05
      184.41
      184.84
       184.9
      184.64
      184.97
      185.55
      185.84
       186.2
      186.86
      186.87
      187.64
      188.94
      188.71
      187.72
      189.69
      189.41
      189.97
      190.78
      187.57
      192.24
       192.4
      193.22
      193.56
      195.04
      194.92
      196.33
      196.09
      197.14
      198.25
       197.6
      198.21
      199.95
      198.94
      200.01
      201.69
