      MT82
      169171
      171759
      173787
      176409
      178349
      178588
      178056
      172146
      171673
      172048
      172431
      177213
      180310
      179488
      178579
      179019
      176665
      176526
      175671
      174732
      176693
      175759
      173478
      173835
      170170
      170652
      173582
      172634
      175237
      178415
      176266
      180432
      181053
      183449
      185189
      185952
      186103
      186279
      188810
      188964
      188743
      187945
      188693
      190027
      189532
      191400
      194068
      190801
      191644
      194672
      194784
      196599
      195246
      196939
      199862
      198699
      198905
      201024
      198841
      203233
      204401
      204416
      203875
      207237
      209468
      208897
      212403
      211734
      213717
      210520
      212737
      219532
      219001
      219720
      224425
      224961
      222586
      223579
      227599
      226309
      226300
      228433
      231626
      232436
      235004
      235261
      239082
      237236
      236400
      238940
      237516
      239017
      238581
      239223
      238267
      239320
      240683
      240103
      241224
      241764
      241778
      242180
      242231
      245094
      244586
      242674
      249367
      254505
      253268
      252367
      254702
      254484
      255811
      258318
      261421
      257298
      258463
      262424
      264602
      262358
      262817
      263351
      264881
      266114
      265628
      265576
      266838
      268281
      269770
      272363
      268828
      268492
      266193
      266117
      263077
      261197
      264302
      265068
      265304
      264040
      263719
      259410
      255066
      263400
      266503
      268370
      269566
      270797
      272757
      276032
      274561
      272723
      275870
      276732
      281154
      283107
      286021
      283333
      288408
      290673
      292158
      293360
      294426
      299442
      302786
      306505
      310984
      315510
      319753
      320695
      318570
      317043
      315838
      315125
      319434
      315042
      314748
      321820
      325864
      321157
      322233
      321221
      324631
      323278
      324245
      322973
      324071
      319951
      316556
      311977
      307863
      297563
      299329
      297819
      289129
      293784
      293427
      295918
      298738
      300772
      302010
      302264
      300902
      304130
      311859
      313590
      315999
      318843
      318089
      321512
      322575
      321723
      322108
      318804
      324127
      333797
      331852
      334565
      337868
      338325
      337305
      340383
      342373
      341778
      342445
      344215
      346521
      350556
      341965
      349152
      351191
      361606
      361130
      361722
      359825
      365883
      365164
      368323
      369634
      371137
      369864
      367923
      376941
      366508
      376904
      371425
      372211
      372562
      371318
      371151
      369810
      368612
      374948
      371095
      362046
      355654
      349992
      348292
      354293
      355814
      362185
      369390
      368911
      368715
      371021
      368785
      366140
      367956
      364925
      365087
      365205
      364703
      361783
      357149
      354608
      350559
      344784
      352110
      353794
      352978
      355174
      350489
      350445
      347563
      347354
      342447
      343811
      342515
      347926
      346319
      351419
      352169
      357295
      365387
      365807
      366988
      370223
      373889
      377659
      384892
      387288
      387139
      387298
      389579
      392522
      396883
      395241
      394377
      394776
      396111
      399184
      400536
      399673
      400337
      403088
      403889
      407137
      402309
      402349
      409665
      409195
      406518
      410831
      409254
      412651
      410176
      409478
      418301
      414113
      418444
      417515
      420580
      432602
      423097
      424320
      433420
      420569
      434812
      433419
      432710
      431990
      435135
      436259
      438850
      442296
      441184
      437814
      439822
      440193
      444041
      449906
      448136
      448952
      452240
      449895
      453536
      451425
      456481
      457557
      459864